6570 2.21E-03 1.82E-02
6573 5.33E-03 2.12E-02
6574 1.51E-03 8.96E-03
6579 9.16E-03 1.21E-02
6583 9.10E-03 1.19E-02
6584 8.16E-03 1.10E-02
6592 3.46E-03 1.10E-02
6594 9.36E-03 1.16E-02
6595 1.06E-02 1.29E-02
6611 2.37E-02 2.61E-02
6612 2.30E-02 2.52E-02
6613 1.55E-02 1.78E-02
6614 1.69E-02 1.92E-02
6615 1.03E-02 1.24E-02
6616 9.94E-03 1.20E-02
6617 8.76E-03 1.08E-02
6618 7.37E-03 9.47E-03
6620 5.82E-03 7.89E-03
6621 9.20E-03 1.12E-02
6624 8.88E-03 1.09E-02
6628 1.31E-02 1.52E-02
6629 1.48E-02 1.68E-02
6633 9.70E-03 1.18E-02
6636 7.42E-03 9.43E-03
6638 1.03E-02 1.23E-02
6639 1.01E-02 1.21E-02
6640 6.49E-02 6.73E-02
6641 6.08E-03 8.02E-03
6642 6.06E-03 7.99E-03
6643 5.45E-03 7.42E-03
6645 5.71E-03 7.69E-03
6646 5.80E-03 7.77E-03
6648 6.46E-03 8.36E-03
6650 5.56E-03 7.51E-03
6654 5.52E-03 7.45E-03
6659 5.35E-03 7.28E-03
6662 6.11E-03 7.96E-03
6663 4.55E-03 6.39E-03
6666 6.03E-03 7.89E-03
6672 4.83E-03 6.68E-03
6674 5.67E-03 7.52E-03
6675 5.78E-03 7.61E-03
6677 5.88E-03 7.73E-03
6681 6.52E-03 8.37E-03
6683 5.02E-03 6.89E-03
6688 4.52E-03 6.47E-03
6690 4.08E-03 5.98E-03
6692 3.62E-03 5.50E-03
6693 4.49E-03 6.38E-03
6694 4.48E-03 6.33E-03
6696 4.84E-03 6.70E-03
6699 1.36E-02 2.13E-02
6700 6.98E-03 8.85E-03
6702 4.91E-03 6.79E-03
6706 4.33E-03 6.32E-03
6709 5.29E-03 7.17E-03
6710 5.31E-03 7.18E-03
6711 5.48E-03 7.34E-03
6712 5.50E-03 7.35E-03
6714 5.13E-03 6.98E-03
6719 4.43E-03 6.29E-03
6724 5.88E-03 7.77E-03
6729 5.42E-03 7.29E-03
6731 4.72E-03 6.61E-03
6733 4.76E-03 6.64E-03
6737 4.12E-03 5.99E-03
6738 4.93E-03 6.79E-03
6741 4.58E-03 6.44E-03
6744 4.25E-03 6.11E-03
6747 4.42E-03 6.38E-03
6749 4.93E-03 6.80E-03
6751 4.33E-03 6.20E-03
6843 2.31E-03 3.96E-02
6847 7.80E-03 1.06E-02
6850 6.06E-03 8.18E-03
6854 1.22E-02 1.42E-02
6858 5.43E-03 7.45E-03
6860 6.04E-03 7.98E-03
6864 1.74E-03 4.95E-03
6868 3.78E-03 6.87E-03
6874 5.42E-03 7.41E-03
6877 8.85E-03 1.23E-02
6879 1.34E-02 1.60E-02
6881 1.17E-02 1.39E-02
6882 8.03E-03 1.03E-02
6884 9.76E-03 1.22E-02
6885 1.10E-02 1.32E-02
6890 1.04E-02 1.25E-02
6891 1.20E-02 1.41E-02
6892 6.49E-03 8.54E-03
6901 6.78E-03 8.86E-03
6904 5.10E-03 7.05E-03
6909 5.60E-03 7.54E-03
6911 4.57E-03 6.51E-03
6912 5.44E-03 7.40E-03
6913 1.32E-02 2.59E-02
6919 5.89E-03 7.85E-03
6921 5.14E-03 7.13E-03
6923 6.87E-03 8.83E-03
6924 5.25E-03 7.25E-03
6925 4.89E-03 6.85E-03
6927 4.96E-03 6.95E-03
6929 5.34E-03 7.44E-03
6931 7.35E-03 9.32E-03
6939 5.25E-03 7.39E-03
6940 5.04E-03 7.03E-03
6942 5.94E-03 7.93E-03
6944 5.45E-03 7.46E-03
6946 5.34E-03 7.31E-03
6953 5.20E-03 7.16E-03
6956 4.79E-03 6.77E-03
6957 4.69E-03 6.71E-03
6960 4.84E-03 6.81E-03
6961 4.95E-03 6.94E-03
6966 7.59E-03 1.23E-02
6998 7.71E-04 5.31E-02
7003 4.52E-04 4.91E-02
7005 5.84E-03 7.91E-03
7006 1.16E-02 1.35E-02
7008 8.43E-03 1.03E-02
7013 9.82E-03 1.17E-02
7017 1.09E-02 1.29E-02
7018 9.78E-03 1.17E-02
7020 9.10E-03 1.10E-02
7024 9.72E-03 1.16E-02
7026 8.86E-03 1.08E-02
7031 1.03E-02 1.21E-02
7033 6.83E-03 8.72E-03
7035 5.21E-03 7.12E-03
7036 5.39E-03 7.42E-03
7037 4.88E-03 6.76E-03
7039 2.95E-02 3.14E-02
7040 2.80E-02 2.99E-02
7042 4.41E-03 6.29E-03
7043 9.34E-03 1.12E-02
7045 5.70E-03 7.60E-03
7047 4.54E-03 6.42E-03
7048 3.94E-03 5.83E-03
7052 4.87E-03 6.77E-03
7053 4.22E-03 6.09E-03
7054 3.55E-03 5.43E-03
7055 4.12E-03 6.00E-03
7056 5.50E-03 7.39E-03
7058 8.17E-03 1.01E-02
7061 5.05E-03 6.94E-03
7063 6.04E-03 7.94E-03
7065 4.92E-03 6.81E-03
7069 5.58E-03 7.51E-03
7078 7.27E-03 9.22E-03
7080 7.35E-03 9.28E-03
7083 3.39E-02 3.58E-02
7087 6.71E-03 8.61E-03
7088 4.55E-03 6.46E-03
7090 4.97E-03 6.89E-03
7091 6.10E-03 8.01E-03
7092 4.85E-03 6.76E-03
7095 6.79E-03 8.74E-03
7097 5.30E-03 7.21E-03
7098 4.59E-03 6.54E-03
7099 4.15E-03 6.09E-03
7101 4.91E-03 6.82E-03
7105 4.99E-03 6.90E-03
7108 4.65E-03 6.54E-03
7109 3.69E-03 5.57E-03
7110 4.67E-03 6.57E-03
7112 3.63E-03 5.50E-03
7114 3.27E-03 5.14E-03
7117 3.75E-03 5.65E-03
7118 3.69E-03 5.58E-03
7120 3.79E-03 5.68E-03
7122 4.06E-03 5.95E-03
7123 4.25E-03 6.14E-03
7124 4.09E-03 5.98E-03
7125 4.70E-03 6.59E-03
7127 5.27E-03 7.16E-03
7128 5.28E-03 7.16E-03
7131 5.52E-03 7.41E-03
7132 4.99E-03 6.90E-03
7133 4.65E-03 6.54E-03
7135 4.53E-03 6.42E-03
7137 5.78E-03 7.69E-03
7139 8.61E-03 1.05E-02
7142 3.87E-03 5.77E-03
7144 4.71E-03 6.60E-03
7145 5.19E-03 7.11E-03
7218 4.84E-03 1.44E-02
7220 1.19E-02 3.11E-02
7221 5.12E-03 7.12E-03
7234 4.38E-03 6.35E-03
7252 1.34E-02 6.90E-02
7253 6.54E-03 8.55E-03
7256 6.78E-03 8.77E-03
7264 7.03E-03 9.00E-03
7265 5.56E-03 7.60E-03
7266 7.19E-03 9.15E-03
7270 7.22E-03 9.18E-03
7271 5.85E-03 7.82E-03
7274 5.04E-03 7.01E-03
7299 -1.11E-01 1.64E-01
7300 -7.48E-02 1.10E-01
7304 6.58E-03 1.09E-02
7308 3.41E-03 5.62E-03
7309 2.10E-02 2.52E-02
7310 5.69E-03 7.67E-03
7314 5.63E-03 7.59E-03
7315 6.54E-03 8.51E-03
7317 4.80E-03 6.75E-03
7320 6.38E-03 8.36E-03
7321 7.35E-03 9.32E-03
7324 6.51E-03 8.47E-03
7328 6.89E-03 8.85E-03
7331 4.40E-03 6.37E-03
7333 4.83E-03 6.80E-03
